<?xml version="1.0" encoding="UTF-8"?>
<kml xmlns="http://www.opengis.net/kml/2.2" xmlns:gx="http://www.google.com/kml/ext/2.2" xmlns:kml="http://www.opengis.net/kml/2.2" xmlns:atom="http://www.w3.org/2005/Atom">
<Document>
	<name>CambridgeZipCodes.kml</name>
	<Style id="sn_ylw-pushpin">
		<IconStyle>
			<scale>1.1</scale>
			<Icon>
				<href>http://maps.google.com/mapfiles/kml/pushpin/ylw-pushpin.png</href>
			</Icon>
			<hotSpot x="20" y="2" xunits="pixels" yunits="pixels"/>
		</IconStyle>
		<LineStyle>
			<color>ff7f00ff</color>
		</LineStyle>
		<PolyStyle>
			<color>4c7f00ff</color>
		</PolyStyle>
	</Style>
	<StyleMap id="msn_ylw-pushpin">
		<Pair>
			<key>normal</key>
			<styleUrl>#sn_ylw-pushpin</styleUrl>
		</Pair>
		<Pair>
			<key>highlight</key>
			<styleUrl>#sh_ylw-pushpin</styleUrl>
		</Pair>
	</StyleMap>
	<Style id="sh_ylw-pushpin">
		<IconStyle>
			<scale>1.3</scale>
			<Icon>
				<href>http://maps.google.com/mapfiles/kml/pushpin/ylw-pushpin.png</href>
			</Icon>
			<hotSpot x="20" y="2" xunits="pixels" yunits="pixels"/>
		</IconStyle>
		<LineStyle>
			<color>ff7f00ff</color>
		</LineStyle>
		<PolyStyle>
			<color>4c7f00ff</color>
		</PolyStyle>
	</Style>
	<Folder>
		<name>Austin Zip Codes</name>
		<open>1</open>
		<Placemark>
			<name>Massachusetts</name>
			<styleUrl>#msn_ylw-pushpin</styleUrl>
			<Polygon>
				<tessellate>1</tessellate>
				<outerBoundaryIs>
					<LinearRing>
<coordinates>-73.6959358021696,41.1152554569041,0.0 -73.727775,41.100696,0.0 -73.659533,41.017857,0.0 -73.659362,41.004034,0.0 -73.6573740092614,40.9855248838592,0.0 -73.657336,40.985171,0.0 -73.595699,41.015995,0.0 -73.561968,41.016797,0.0 -73.516903,41.038738,0.0 -73.468239,41.051347,0.0 -73.422165,41.047562,0.0 -73.387227,41.058247,0.0 -73.354231,41.085639,0.0 -73.372296,41.10402,0.0 -73.33066,41.109996,0.0 -73.297214389349,41.1136685437012,0.0 -73.2698175797685,41.1166768900433,0.0 -73.262358,41.117496,0.0 -73.202656,41.158096,0.0 -73.1728353651274,41.1534422791124,0.0 -73.130253,41.146797,0.0 -73.108352,41.153718,0.0 -73.1011738216445,41.1637262711643,0.0 -73.07945,41.194015,0.0 -73.020449,41.206397,0.0 -72.986247,41.233497,0.0 -72.9848408127547,41.234191742814,0.0 -72.9705054154992,41.2412743089963,0.0 -72.935646,41.258497,0.0 -72.9039337600629,41.2491941344625,0.0 -72.881445,41.242597,0.0 -72.786142,41.264796,0.0 -72.760341,41.241235,0.0 -72.690439,41.246697,0.0 -72.6543540201512,41.2656263083002,0.0 -72.653838,41.265897,0.0 -72.598036,41.268698,0.0 -72.547235,41.250499,0.0 -72.5345648971681,41.2538242743911,0.0 -72.472539,41.270103,0.0 -72.40593,41.278398,0.0 -72.386629,41.261798,0.0 -72.348643,41.277446,0.0 -72.3400129087019,41.2778492622384,0.0 -72.293044,41.280044,0.0 -72.235531,41.300413,0.0 -72.201422,41.315697,0.0 -72.134221,41.299398,0.0 -72.094443,41.314164,0.0 -72.021898,41.316838,0.0 -71.956747,41.329871,0.0 -71.886302,41.33641,0.0 -71.860513,41.320248,0.0 -71.835951,41.353935,0.0 -71.839649,41.412119,0.0 -71.797683,41.416709,0.0 -71.7917190617472,41.545772004335,0.0 -71.7893586727423,41.5968521603427,0.0 -71.789356,41.59691,0.0 -71.789464590839,41.6400171907069,0.0 -71.789677581832,41.7245680002953,0.0 -71.789678,41.724734,0.0 -71.792767,41.807001,0.0 -71.799242,42.008065,0.0 -71.80065,42.023569,0.0 -71.8846768359037,42.0250593514843,0.0 -71.987326,42.02688,0.0 -72.1021594345268,42.0286302400548,0.0 -72.1357314619467,42.0291419299416,0.0 -72.198845978132,42.030103893282,0.0 -72.317148,42.031907,0.0 -72.3974762551959,42.0328161911358,0.0 -72.5091793362983,42.0340804965901,0.0 -72.528131,42.034295,0.0 -72.607933,42.030795,0.0 -72.735496,42.036399,0.0 -72.766739,42.002995,0.0 -72.7747593160786,42.0021291041803,0.0 -72.810078,41.998316,0.0 -72.847142,42.036894,0.0 -72.999549,42.038653,0.0 -73.0087627816307,42.0389034162467,0.0 -73.0533626737481,42.0401155719103,0.0 -73.1272291708784,42.0421231483548,0.0 -73.231056,42.044945,0.0 -73.487314,42.049638,0.0 -73.505008,41.823773,0.0 -73.5179187906382,41.66672053071,0.0 -73.520017,41.641197,0.0 -73.5296777143013,41.5271610211283,0.0 -73.536969,41.441094,0.0 -73.5431473462655,41.3767706682974,0.0 -73.5431832079963,41.3763973085168,0.0 -73.5433065806917,41.3751128640277,0.0 -73.5441511864006,41.3663195962444,0.0 -73.550961,41.295422,0.0 -73.482709,41.21276,0.0 -73.6959358021696,41.1152554569041,0.0</coordinates>
					</LinearRing>
				</outerBoundaryIs>
			</Polygon>
		</Placemark>
	</Folder>
</Document>
</kml>
