<?xml version="1.0" encoding="UTF-8"?>
<kml xmlns="http://www.opengis.net/kml/2.2" xmlns:gx="http://www.google.com/kml/ext/2.2" xmlns:kml="http://www.opengis.net/kml/2.2" xmlns:atom="http://www.w3.org/2005/Atom">
<Document>
	<name>CambridgeZipCodes.kml</name>
	<Style id="sn_ylw-pushpin">
		<IconStyle>
			<scale>1.1</scale>
			<Icon>
				<href>http://maps.google.com/mapfiles/kml/pushpin/ylw-pushpin.png</href>
			</Icon>
			<hotSpot x="20" y="2" xunits="pixels" yunits="pixels"/>
		</IconStyle>
		<LineStyle>
			<color>ff7f00ff</color>
		</LineStyle>
		<PolyStyle>
			<color>4c7f00ff</color>
		</PolyStyle>
	</Style>
	<StyleMap id="msn_ylw-pushpin">
		<Pair>
			<key>normal</key>
			<styleUrl>#sn_ylw-pushpin</styleUrl>
		</Pair>
		<Pair>
			<key>highlight</key>
			<styleUrl>#sh_ylw-pushpin</styleUrl>
		</Pair>
	</StyleMap>
	<Style id="sh_ylw-pushpin">
		<IconStyle>
			<scale>1.3</scale>
			<Icon>
				<href>http://maps.google.com/mapfiles/kml/pushpin/ylw-pushpin.png</href>
			</Icon>
			<hotSpot x="20" y="2" xunits="pixels" yunits="pixels"/>
		</IconStyle>
		<LineStyle>
			<color>ff7f00ff</color>
		</LineStyle>
		<PolyStyle>
			<color>4c7f00ff</color>
		</PolyStyle>
	</Style>
	<Folder>
		<name>Austin Zip Codes</name>
		<open>1</open>
		<Placemark>
			<name>Massachusetts</name>
			<styleUrl>#msn_ylw-pushpin</styleUrl>
			<Polygon>
				<tessellate>1</tessellate>
				<outerBoundaryIs>
					<LinearRing>
<coordinates>-71.083924,45.305451,0.0 -71.057861,45.000049,0.0 -71.036705,44.736498,0.0 -71.022992,44.500058,0.0 -71.0194617294855,44.4403632397875,0.0 -71.0135759038146,44.3408374525595,0.0 -71.01127,44.301846,0.0 -71.0102711678683,44.284888321572,0.0 -71.008736,44.258825,0.0 -71.001367,44.092931,0.0 -70.989929,43.839239,0.0 -70.987258046746,43.7929735928842,0.0 -70.981946,43.70096,0.0 -70.972716,43.570255,0.0 -70.9637926798064,43.5402209553665,0.0 -70.954755,43.509802,0.0 -70.960788896047,43.4740887336216,0.0 -70.968359,43.429283,0.0 -70.984335,43.376128,0.0 -70.923949,43.324768,0.0 -70.872585,43.270152,0.0 -70.813119,43.217252,0.0 -70.8247767120681,43.1797631051822,0.0 -70.824801,43.179685,0.0 -70.8281,43.129086,0.0 -70.819549285713,43.1232309734312,0.0 -70.756397,43.079988,0.0 -70.703818,43.059825,0.0 -70.665958,43.076234,0.0 -70.62251,43.134573,0.0 -70.596185,43.163466,0.0 -70.575787,43.221859,0.0 -70.576986634166,43.2280191731452,0.0 -70.585184,43.270113,0.0 -70.553854,43.321886,0.0 -70.5341490659506,43.3339572407458,0.0 -70.517695,43.344037,0.0 -70.465975,43.340246,0.0 -70.416311,43.361059,0.0 -70.383981,43.41294,0.0 -70.327303,43.458521,0.0 -70.385615,43.487031,0.0 -70.361214,43.52919,0.0 -70.3387374772484,43.5281092793689,0.0 -70.321116,43.527262,0.0 -70.245499,43.539635,0.0 -70.206123,43.557627,0.0 -70.217087,43.596717,0.0 -70.190704,43.645582,0.0 -70.168227,43.675136,0.0 -70.096039,43.672276,0.0 -70.071304,43.713772,0.0 -70.0627766602365,43.7133599465128,0.0 -70.001273,43.710388,0.0 -69.983685,43.744395,0.0 -69.915593,43.775112,0.0 -69.8874061241577,43.7665933794518,0.0 -69.862155,43.758962,0.0 -69.855081,43.704746,0.0 -69.833471,43.701281,0.0 -69.807359,43.728081,0.0 -69.754091,43.743866,0.0 -69.717074,43.792403,0.0 -69.6958154562599,43.7960549672913,0.0 -69.650818,43.803785,0.0 -69.578527,43.823316,0.0 -69.552606,43.841347,0.0 -69.50329,43.837673,0.0 -69.438066,43.909539,0.0 -69.422048,43.923047,0.0 -69.393288,43.95642,0.0 -69.3804897193431,43.9436402335565,0.0 -69.354577,43.917765,0.0 -69.321031,43.856708,0.0 -69.279918,43.879579,0.0 -69.242812,43.918818,0.0 -69.212939,43.921404,0.0 -69.17498,43.976949,0.0 -69.131536,43.976089,0.0 -69.077028,43.973654,0.0 -69.043912,44.006336,0.0 -69.068112,44.039768,0.0 -69.031878,44.079036,0.0 -69.075667,44.129991,0.0 -69.054546,44.171542,0.0 -69.040193,44.233673,0.0 -69.0210745450046,44.2304353141229,0.0 -68.95189,44.218719,0.0 -68.9349764317618,44.2029074739373,0.0 -68.888597,44.15955,0.0 -68.935327,44.13038,0.0 -68.905098,44.077344,0.0 -68.874139,44.025359,0.0 -68.77965,44.057754,0.0 -68.669383,44.076359,0.0 -68.657031,44.003823,0.0 -68.617085,44.010097,0.0 -68.584101,44.071589,0.0 -68.5314142023518,44.0898523802565,0.0 -68.502942,44.099722,0.0 -68.438518,44.11618,0.0 -68.331032,44.10758,0.0 -68.314789,44.197157,0.0 -68.306519,44.234829,0.0 -68.17433,44.225908,0.0 -68.22949,44.266918,0.0 -68.191924,44.306675,0.0 -68.173608,44.328397,0.0 -68.189155,44.373833,0.0 -68.125624,44.387127,0.0 -68.103757,44.364362,0.0 -68.049334,44.33073,0.0 -68.01399,44.390255,0.0 -67.978876,44.387034,0.0 -67.9438439570552,44.407015790843,0.0 -67.936531,44.411187,0.0 -67.899571,44.394078,0.0 -67.855108,44.419434,0.0 -67.837938,44.46467,0.0 -67.793589,44.494779,0.0 -67.70668,44.501975,0.0 -67.653123,44.525823,0.0 -67.634806,44.487054,0.0 -67.579726,44.429131,0.0 -67.503208,44.476918,0.0 -67.521168,44.50991,0.0 -67.491751,44.556123,0.0 -67.448513,44.600322,0.0 -67.398987,44.602631,0.0 -67.368269,44.624672,0.0 -67.293403,44.599265,0.0 -67.234275,44.637201,0.0 -67.169857,44.662105,0.0 -67.116745,44.706106,0.0 -67.073439,44.741957,0.0 -67.02615,44.768199,0.0 -66.949895,44.817419,0.0 -66.99296,44.849181,0.0 -66.983558,44.903277,0.0 -67.033474,44.939923,0.0 -67.082074,45.029608,0.0 -67.090786,45.068721,0.0 -67.112414,45.112323,0.0 -67.161247,45.162879,0.0 -67.203933,45.171407,0.0 -67.271076,45.191081,0.0 -67.298209,45.146672,0.0 -67.339869,45.125594,0.0 -67.390579,45.154114,0.0 -67.453473,45.241127,0.0 -67.480256,45.268185,0.0 -67.460554,45.300379,0.0 -67.427243,45.37369,0.0 -67.484328,45.451955,0.0 -67.476855,45.49724,0.0 -67.417417,45.501985,0.0 -67.423646,45.572153,0.0 -67.455406,45.604665,0.0 -67.534919,45.595428,0.0 -67.631762,45.621409,0.0 -67.675417,45.630959,0.0 -67.710464,45.679372,0.0 -67.803313,45.677886,0.0 -67.8028942950771,45.6789278854632,0.0 -67.781892,45.731189,0.0 -67.803626,45.781624,0.0 -67.763955,45.829983,0.0 -67.803678,45.869379,0.0 -67.750422,45.917898,0.0 -67.779984,45.938163,0.0 -67.780438,46.038452,0.0 -67.782114,46.279381,0.0 -67.788406,46.601795,0.0 -67.789799,46.794868,0.0 -67.789761,47.065744,0.0 -67.889155,47.118772,0.0 -67.952269,47.196142,0.0 -67.998171,47.217842,0.0 -68.082896,47.271921,0.0 -68.153509,47.314038,0.0 -68.204263,47.33973,0.0 -68.26971,47.353733,0.0 -68.361559,47.355605,0.0 -68.384281,47.326943,0.0 -68.375615,47.292268,0.0 -68.460064,47.286065,0.0 -68.507432,47.296636,0.0 -68.588725,47.281721,0.0 -68.604819,47.249418,0.0 -68.675913,47.242626,0.0 -68.803537,47.216033,0.0 -68.900985,47.178519,0.0 -68.966433,47.212712,0.0 -69.0402,47.2451,0.0 -69.053885,47.377878,0.0 -69.039301,47.42217,0.0 -69.108215,47.435831,0.0 -69.156074,47.451035,0.0 -69.219996,47.457159,0.0 -69.439198,47.250033,0.0 -69.566383,47.125032,0.0 -69.818552,46.87503,0.0 -69.997086,46.69523,0.0 -70.0230197870562,46.5734864725173,0.0 -70.053748,46.429236,0.0 -70.080292,46.410531,0.0 -70.118597,46.384233,0.0 -70.161337,46.360984,0.0 -70.207415,46.331316,0.0 -70.205719,46.299865,0.0 -70.232682,46.284428,0.0 -70.255492,46.246444,0.0 -70.290896,46.185838,0.0 -70.239566,46.142762,0.0 -70.266349,46.100993,0.0 -70.306734,46.061344,0.0 -70.317629,46.01908,0.0 -70.303034,45.998976,0.0 -70.31297,45.961856,0.0 -70.26541,45.962692,0.0 -70.252526,45.933176,0.0 -70.259117,45.890755,0.0 -70.329748,45.853795,0.0 -70.39662,45.808486,0.0 -70.415684,45.786158,0.0 -70.383552,45.734869,0.0 -70.446903,45.704044,0.0 -70.552793,45.667836,0.0 -70.5528239033785,45.6678060578851,0.0 -70.591275,45.630551,0.0 -70.649578,45.598147,0.0 -70.688214,45.563981,0.0 -70.723396,45.510394,0.0 -70.674903,45.452399,0.0 -70.635498,45.427817,0.0 -70.634661,45.383608,0.0 -70.677995,45.394362,0.0 -70.729972,45.399359,0.0 -70.755567,45.428361,0.0 -70.781471,45.431159,0.0 -70.825612,45.400305,0.0 -70.806244,45.376558,0.0 -70.819471,45.341435,0.0 -70.808613,45.311606,0.0 -70.82979,45.286941,0.0 -70.8340195374401,45.2717944023968,0.0 -70.84443,45.234513,0.0 -70.892822,45.239172,0.0 -70.912111,45.296197,0.0 -70.949365,45.331536,0.0 -71.012757,45.34476,0.0 -71.03821,45.311922,0.0 -71.083924,45.305451,0.0</coordinates>
					</LinearRing>
				</outerBoundaryIs>
			</Polygon>
		</Placemark>
	</Folder>
</Document>
</kml>
