<?xml version="1.0" encoding="UTF-8"?>
<kml xmlns="http://www.opengis.net/kml/2.2" xmlns:gx="http://www.google.com/kml/ext/2.2" xmlns:kml="http://www.opengis.net/kml/2.2" xmlns:atom="http://www.w3.org/2005/Atom">
<Document>
	<name>CambridgeZipCodes.kml</name>
	<Style id="sn_ylw-pushpin">
		<IconStyle>
			<scale>1.1</scale>
			<Icon>
				<href>http://maps.google.com/mapfiles/kml/pushpin/ylw-pushpin.png</href>
			</Icon>
			<hotSpot x="20" y="2" xunits="pixels" yunits="pixels"/>
		</IconStyle>
		<LineStyle>
			<color>ff7f00ff</color>
		</LineStyle>
		<PolyStyle>
			<color>4c7f00ff</color>
		</PolyStyle>
	</Style>
	<StyleMap id="msn_ylw-pushpin">
		<Pair>
			<key>normal</key>
			<styleUrl>#sn_ylw-pushpin</styleUrl>
		</Pair>
		<Pair>
			<key>highlight</key>
			<styleUrl>#sh_ylw-pushpin</styleUrl>
		</Pair>
	</StyleMap>
	<Style id="sh_ylw-pushpin">
		<IconStyle>
			<scale>1.3</scale>
			<Icon>
				<href>http://maps.google.com/mapfiles/kml/pushpin/ylw-pushpin.png</href>
			</Icon>
			<hotSpot x="20" y="2" xunits="pixels" yunits="pixels"/>
		</IconStyle>
		<LineStyle>
			<color>ff7f00ff</color>
		</LineStyle>
		<PolyStyle>
			<color>4c7f00ff</color>
		</PolyStyle>
	</Style>
	<Folder>
		<name>Austin Zip Codes</name>
		<open>1</open>
		<Placemark>
			<name>Massachusetts</name>
			<styleUrl>#msn_ylw-pushpin</styleUrl>
			<Polygon>
				<tessellate>1</tessellate>
				<outerBoundaryIs>
					<LinearRing>
<coordinates>-73.508142,42.086257,0.0 -73.4896799420321,42.0537977095867,0.0 -73.487314,42.049638,0.0 -73.231056,42.044945,0.0 -73.1272291708784,42.0421231483548,0.0 -73.0533626737481,42.0401155719103,0.0 -73.0087627816307,42.0389034162467,0.0 -72.999549,42.038653,0.0 -72.847142,42.036894,0.0 -72.810078,41.998316,0.0 -72.7747593160786,42.0021291041803,0.0 -72.766739,42.002995,0.0 -72.735496,42.036399,0.0 -72.607933,42.030795,0.0 -72.528131,42.034295,0.0 -72.5091793362983,42.0340804965901,0.0 -72.3974762551959,42.0328161911358,0.0 -72.317148,42.031907,0.0 -72.198845978132,42.030103893282,0.0 -72.1357314619467,42.0291419299416,0.0 -72.1021594345268,42.0286302400548,0.0 -71.987326,42.02688,0.0 -71.8846768359037,42.0250593514843,0.0 -71.80065,42.023569,0.0 -71.799242,42.008065,0.0 -71.6062034411341,42.0131179102388,0.0 -71.591096527631,42.0135133435572,0.0 -71.559439,42.014342,0.0 -71.4982240131247,42.0158741110185,0.0 -71.4580809945561,42.0168788251287,0.0 -71.381401,42.018798,0.0 -71.3814313468931,41.9850841191295,0.0 -71.381461,41.952141,0.0 -71.3817,41.893199,0.0 -71.339298,41.893399,0.0 -71.339597,41.832,0.0 -71.329396,41.7826,0.0 -71.3172640975601,41.7771946633724,0.0 -71.261392,41.752301,0.0 -71.2086005328951,41.6903092436027,0.0 -71.2013271875249,41.6817683282027,0.0 -71.19564,41.67509,0.0 -71.132888,41.660102,0.0 -71.137492,41.602561,0.0 -71.12057,41.497448,0.0 -71.085663,41.509292,0.0 -71.035514,41.499047,0.0 -71.0203212322244,41.502159475917,0.0 -70.981708,41.51007,0.0 -70.941785,41.540121,0.0 -70.910165,41.577073,0.0 -70.9090917764468,41.5772658054655,0.0 -70.8576236660334,41.5865120924635,0.0 -70.853121,41.587321,0.0 -70.82191,41.582841,0.0 -70.8039626132079,41.6015155410003,0.0 -70.765463,41.641575,0.0 -70.7617700797884,41.6395180722704,0.0 -70.7159798446688,41.6140132687642,0.0 -70.695392,41.602546,0.0 -70.698197,41.559002,0.0 -70.726088944807,41.5432369319176,0.0 -70.806861,41.497583,0.0 -70.934986,41.454699,0.0 -70.948431,41.409193,0.0 -70.857528,41.425767,0.0 -70.79027,41.446339,0.0 -70.734306,41.486335,0.0 -70.6690583666006,41.5129296626746,0.0 -70.654104,41.519025,0.0 -70.559689,41.54833,0.0 -70.476256,41.558502,0.0 -70.445289,41.591815,0.0 -70.400581,41.606382,0.0 -70.321588,41.630508,0.0 -70.269687,41.617775,0.0 -70.158621,41.650438,0.0 -70.055523,41.664843,0.0 -70.007011,41.671579,0.0 -70.011961,41.619797,0.0 -70.011229,41.543931,0.0 -69.964982,41.55111,0.0 -69.931129,41.622659,0.0 -69.928261,41.6917,0.0 -69.935952,41.809422,0.0 -69.974781,41.925105,0.0 -69.9802313615877,41.9459864602333,0.0 -69.994136,41.999258,0.0 -70.049382,42.064689,0.0 -70.138942,42.092907,0.0 -70.189305,42.082337,0.0 -70.245385,42.063733,0.0 -70.190834,42.020028,0.0 -70.15076,42.026569,0.0 -70.083775,42.012041,0.0 -70.0765739991367,41.95794245825,0.0 -70.074006,41.93865,0.0 -70.06901,41.884924,0.0 -70.006111,41.852396,0.0 -70.003842,41.80852,0.0 -70.024734,41.787364,0.0 -70.121978,41.758841,0.0 -70.216073,41.742981,0.0 -70.272289,41.721346,0.0 -70.323819,41.736058,0.0 -70.441718,41.752898,0.0 -70.494048,41.773883,0.0 -70.5364072541248,41.8116341457464,0.0 -70.54103,41.815754,0.0 -70.525567,41.85873,0.0 -70.546386,41.916751,0.0 -70.583572,41.950007,0.0 -70.608166,41.940701,0.0 -70.662476,41.960592,0.0 -70.678798,42.00551,0.0 -70.644337,42.045895,0.0 -70.63848,42.081579,0.0 -70.6792377745025,42.1263494594225,0.0 -70.685315,42.133025,0.0 -70.73056,42.21094,0.0 -70.7815745455685,42.2486369460239,0.0 -70.788724,42.25392,0.0 -70.8358517753944,42.2647632647134,0.0 -70.851093,42.26827,0.0 -70.881242,42.300663,0.0 -70.91749,42.305686,0.0 -70.9484970435343,42.2823546937823,0.0 -70.967351,42.268168,0.0 -70.9930596399482,42.3128922804124,0.0 -70.997838,42.321205,0.0 -70.9830935859472,42.3434671949331,0.0 -70.9758929421261,42.3543392537219,0.0 -70.974897,42.355843,0.0 -70.9825456015879,42.420221800052,0.0 -70.982994,42.423996,0.0 -70.9552110614633,42.4254690903917,0.0 -70.913192,42.427697,0.0 -70.905993,42.4391565115922,0.0 -70.8992339791018,42.4499156556865,0.0 -70.886493,42.470197,0.0 -70.835991,42.490496,0.0 -70.848492,42.550195,0.0 -70.804091,42.561595,0.0 -70.698574,42.577393,0.0 -70.654727,42.582234,0.0 -70.594014,42.63503,0.0 -70.602506,42.677702,0.0 -70.645101,42.689423,0.0 -70.681594,42.662342,0.0 -70.72982,42.669602,0.0 -70.772267,42.711064,0.0 -70.80522,42.781798,0.0 -70.817296,42.87229,0.0 -70.86475,42.870258,0.0 -70.930799,42.884589,0.0 -70.9665,42.868989,0.0 -71.031201,42.859089,0.0 -71.0487164136986,42.8310643380822,0.0 -71.064201,42.806289,0.0 -71.1163750121775,42.8119029144351,0.0 -71.149703,42.815489,0.0 -71.186104,42.790689,0.0 -71.181803,42.73759,0.0 -71.2453840329207,42.7365553285746,0.0 -71.2551101218106,42.7363970532872,0.0 -71.255605,42.736389,0.0 -71.294205,42.69699,0.0 -71.351874,42.698154,0.0 -71.636214,42.704888,0.0 -71.745817,42.707287,0.0 -71.8053896027383,42.7089149435285,0.0 -71.8987687719366,42.7114667208088,0.0 -71.9290300590535,42.7122936725326,0.0 -72.081365050188,42.7164565385412,0.0 -72.124526,42.717636,0.0 -72.2036134798068,42.7198185286799,0.0 -72.2830340925109,42.722010250624,0.0 -72.4120300647523,42.7255700733633,0.0 -72.4511950518227,42.7266508854936,0.0 -72.458519,42.726853,0.0 -72.5167111827822,42.7284676698292,0.0 -72.809113,42.736581,0.0 -72.8642918548454,42.7377138851592,0.0 -72.930262612518,42.7390683404576,0.0 -73.0186486133504,42.7408830063998,0.0 -73.0230178932901,42.7409727127269,0.0 -73.1424951205144,42.7434257171969,0.0 -73.264957,42.74594,0.0 -73.3070040761806,42.6326534514115,0.0 -73.3525249549442,42.5100075099506,0.0 -73.352527,42.510002,0.0 -73.3835056572836,42.4256460501838,0.0 -73.4106444074273,42.3517462996479,0.0 -73.508142,42.086257,0.0</coordinates>
					</LinearRing>
				</outerBoundaryIs>
			</Polygon>
		</Placemark>
	</Folder>
</Document>
</kml>
