<?xml version="1.0" encoding="UTF-8"?>
<kml xmlns="http://www.opengis.net/kml/2.2" xmlns:gx="http://www.google.com/kml/ext/2.2" xmlns:kml="http://www.opengis.net/kml/2.2" xmlns:atom="http://www.w3.org/2005/Atom">
<Document>
	<name>CambridgeZipCodes.kml</name>
	<Style id="sn_ylw-pushpin">
		<IconStyle>
			<scale>1.1</scale>
			<Icon>
				<href>http://maps.google.com/mapfiles/kml/pushpin/ylw-pushpin.png</href>
			</Icon>
			<hotSpot x="20" y="2" xunits="pixels" yunits="pixels"/>
		</IconStyle>
		<LineStyle>
			<color>ff7f00ff</color>
		</LineStyle>
		<PolyStyle>
			<color>4c7f00ff</color>
		</PolyStyle>
	</Style>
	<StyleMap id="msn_ylw-pushpin">
		<Pair>
			<key>normal</key>
			<styleUrl>#sn_ylw-pushpin</styleUrl>
		</Pair>
		<Pair>
			<key>highlight</key>
			<styleUrl>#sh_ylw-pushpin</styleUrl>
		</Pair>
	</StyleMap>
	<Style id="sh_ylw-pushpin">
		<IconStyle>
			<scale>1.3</scale>
			<Icon>
				<href>http://maps.google.com/mapfiles/kml/pushpin/ylw-pushpin.png</href>
			</Icon>
			<hotSpot x="20" y="2" xunits="pixels" yunits="pixels"/>
		</IconStyle>
		<LineStyle>
			<color>ff7f00ff</color>
		</LineStyle>
		<PolyStyle>
			<color>4c7f00ff</color>
		</PolyStyle>
	</Style>
	<Folder>
		<name>Austin Zip Codes</name>
		<open>1</open>
		<Placemark>
			<name>Massachusetts</name>
			<styleUrl>#msn_ylw-pushpin</styleUrl>
			<Polygon>
				<tessellate>1</tessellate>
				<outerBoundaryIs>
					<LinearRing>
<coordinates>-72.556112,42.866252,0.0 -72.5539020508486,42.8580316101697,0.0 -72.5396,42.804832,0.0 -72.477615,42.761245,0.0 -72.458519,42.726853,0.0 -72.4511950518227,42.7266508854936,0.0 -72.4120300647523,42.7255700733633,0.0 -72.2830340925109,42.722010250624,0.0 -72.2036134798068,42.7198185286799,0.0 -72.124526,42.717636,0.0 -72.081365050188,42.7164565385412,0.0 -71.9290300590535,42.7122936725326,0.0 -71.8987687719366,42.7114667208088,0.0 -71.8053896027383,42.7089149435285,0.0 -71.745817,42.707287,0.0 -71.636214,42.704888,0.0 -71.351874,42.698154,0.0 -71.294205,42.69699,0.0 -71.255605,42.736389,0.0 -71.2551101218106,42.7363970532872,0.0 -71.2453840329207,42.7365553285746,0.0 -71.181803,42.73759,0.0 -71.186104,42.790689,0.0 -71.149703,42.815489,0.0 -71.1163750121775,42.8119029144351,0.0 -71.064201,42.806289,0.0 -71.0487164136986,42.8310643380822,0.0 -71.031201,42.859089,0.0 -70.9665,42.868989,0.0 -70.930799,42.884589,0.0 -70.86475,42.870258,0.0 -70.817296,42.87229,0.0 -70.8114376548341,42.8886148784531,0.0 -70.798636,42.924288,0.0 -70.765222,42.975349,0.0 -70.735477,43.012201,0.0 -70.703818,43.059825,0.0 -70.756397,43.079988,0.0 -70.819549285713,43.1232309734312,0.0 -70.8281,43.129086,0.0 -70.824801,43.179685,0.0 -70.8247767120681,43.1797631051822,0.0 -70.813119,43.217252,0.0 -70.872585,43.270152,0.0 -70.923949,43.324768,0.0 -70.984335,43.376128,0.0 -70.968359,43.429283,0.0 -70.960788896047,43.4740887336216,0.0 -70.954755,43.509802,0.0 -70.9637926798064,43.5402209553665,0.0 -70.972716,43.570255,0.0 -70.981946,43.70096,0.0 -70.987258046746,43.7929735928842,0.0 -70.989929,43.839239,0.0 -71.001367,44.092931,0.0 -71.008736,44.258825,0.0 -71.0102711678683,44.284888321572,0.0 -71.01127,44.301846,0.0 -71.0135759038146,44.3408374525595,0.0 -71.0194617294855,44.4403632397875,0.0 -71.022992,44.500058,0.0 -71.036705,44.736498,0.0 -71.057861,45.000049,0.0 -71.083924,45.305451,0.0 -71.109349,45.282222,0.0 -71.13943,45.242958,0.0 -71.182587,45.241069,0.0 -71.244499,45.268139,0.0 -71.283684,45.301977,0.0 -71.360664,45.269835,0.0 -71.438546,45.239004,0.0 -71.405636,45.198139,0.0 -71.419058,45.170488,0.0 -71.448678,45.109001,0.0 -71.498399,45.069629,0.0 -71.501088,45.013377,0.0 -71.531605,44.976023,0.0 -71.494403,44.911837,0.0 -71.522393,44.880811,0.0 -71.570402,44.805276,0.0 -71.626909,44.747224,0.0 -71.584574,44.665351,0.0 -71.551722,44.627598,0.0 -71.544922,44.579278,0.0 -71.588076,44.54785,0.0 -71.579974,44.501778,0.0 -71.646551,44.468869,0.0 -71.69092,44.421234,0.0 -71.7631925213134,44.4035682627764,0.0 -71.778613,44.399799,0.0 -71.818838,44.352939,0.0 -71.8377906263888,44.347764542477,0.0 -71.875863,44.33737,0.0 -71.945163,44.337744,0.0 -72.002314,44.324871,0.0 -72.046302,44.291983,0.0 -72.05399,44.246926,0.0 -72.061338,44.184951,0.0 -72.0538268836147,44.1598170938034,0.0 -72.036883,44.103119,0.0 -72.075486,44.034614,0.0 -72.0796962728478,44.0302566433846,0.0 -72.0799442240026,44.0300000301807,0.0 -72.116706,43.991954,0.0 -72.105875,43.94937,0.0 -72.16978,43.873425,0.0 -72.183333,43.808177,0.0 -72.2115021223499,43.7730194104417,0.0 -72.222069,43.759831,0.0 -72.284805,43.72036,0.0 -72.329522,43.608393,0.0 -72.3335965013563,43.6055913415891,0.0 -72.37944,43.574069,0.0 -72.380894,43.493394,0.0 -72.3968907962909,43.4290517463351,0.0 -72.3969230250359,43.4289221159986,0.0 -72.413377,43.362741,0.0 -72.4069018580317,43.3374488387348,0.0 -72.402532,43.32038,0.0 -72.421583,43.263442,0.0 -72.4336111979595,43.2329038122618,0.0 -72.440563,43.215254,0.0 -72.4503959392159,43.1612135169064,0.0 -72.451802,43.153486,0.0 -72.435191,43.086622,0.0 -72.462248,43.044214,0.0 -72.4519547090682,43.0204949106303,0.0 -72.444977,43.004416,0.0 -72.492597,42.967648,0.0 -72.532186,42.954945,0.0 -72.531469,42.89795,0.0 -72.556112,42.866252,0.0</coordinates>
					</LinearRing>
				</outerBoundaryIs>
			</Polygon>
		</Placemark>
	</Folder>
</Document>
</kml>
