<?xml version="1.0" encoding="UTF-8"?>
<kml xmlns="http://www.opengis.net/kml/2.2" xmlns:gx="http://www.google.com/kml/ext/2.2" xmlns:kml="http://www.opengis.net/kml/2.2" xmlns:atom="http://www.w3.org/2005/Atom">
<Document>
	<name>CambridgeZipCodes.kml</name>
	<Style id="sn_ylw-pushpin">
		<IconStyle>
			<scale>1.1</scale>
			<Icon>
				<href>http://maps.google.com/mapfiles/kml/pushpin/ylw-pushpin.png</href>
			</Icon>
			<hotSpot x="20" y="2" xunits="pixels" yunits="pixels"/>
		</IconStyle>
		<LineStyle>
			<color>ff7f00ff</color>
		</LineStyle>
		<PolyStyle>
			<color>4c7f00ff</color>
		</PolyStyle>
	</Style>
	<StyleMap id="msn_ylw-pushpin">
		<Pair>
			<key>normal</key>
			<styleUrl>#sn_ylw-pushpin</styleUrl>
		</Pair>
		<Pair>
			<key>highlight</key>
			<styleUrl>#sh_ylw-pushpin</styleUrl>
		</Pair>
	</StyleMap>
	<Style id="sh_ylw-pushpin">
		<IconStyle>
			<scale>1.3</scale>
			<Icon>
				<href>http://maps.google.com/mapfiles/kml/pushpin/ylw-pushpin.png</href>
			</Icon>
			<hotSpot x="20" y="2" xunits="pixels" yunits="pixels"/>
		</IconStyle>
		<LineStyle>
			<color>ff7f00ff</color>
		</LineStyle>
		<PolyStyle>
			<color>4c7f00ff</color>
		</PolyStyle>
	</Style>
	<Folder>
		<name>Austin Zip Codes</name>
		<open>1</open>
		<Placemark>
			<name>Massachusetts</name>
			<styleUrl>#msn_ylw-pushpin</styleUrl>
			<Polygon>
				<tessellate>1</tessellate>
				<outerBoundaryIs>
					<LinearRing>
<coordinates>-73.416319,44.099422,0.0 -73.43688,44.042578,0.0 -73.405977,44.011485,0.0 -73.411248,43.975596,0.0 -73.407742,43.929887,0.0 -73.374051,43.875563,0.0 -73.390302,43.817371,0.0 -73.3825261495399,43.8081589885495,0.0 -73.350707,43.770463,0.0 -73.3611071516843,43.7532334572839,0.0 -73.393723,43.6992,0.0 -73.414546,43.658209,0.0 -73.424977,43.598775,0.0 -73.395767,43.568087,0.0 -73.327702,43.625913,0.0 -73.292113,43.584509,0.0 -73.242042,43.534925,0.0 -73.252832,43.363493,0.0 -73.2553558380576,43.3147123986,0.0 -73.26978,43.035923,0.0 -73.2700087311636,43.0307142926875,0.0 -73.273832807021,42.9436317475265,0.0 -73.278673,42.83341,0.0 -73.290944,42.80192,0.0 -73.264957,42.74594,0.0 -73.1424951205144,42.7434257171969,0.0 -73.0230178932901,42.7409727127269,0.0 -73.0186486133504,42.7408830063998,0.0 -72.930262612518,42.7390683404576,0.0 -72.8642918548454,42.7377138851592,0.0 -72.809113,42.736581,0.0 -72.5167111827822,42.7284676698292,0.0 -72.458519,42.726853,0.0 -72.477615,42.761245,0.0 -72.5396,42.804832,0.0 -72.5539020508486,42.8580316101697,0.0 -72.556112,42.866252,0.0 -72.531469,42.89795,0.0 -72.532186,42.954945,0.0 -72.492597,42.967648,0.0 -72.444977,43.004416,0.0 -72.4519547090682,43.0204949106303,0.0 -72.462248,43.044214,0.0 -72.435191,43.086622,0.0 -72.451802,43.153486,0.0 -72.4503959392159,43.1612135169064,0.0 -72.440563,43.215254,0.0 -72.4336111979595,43.2329038122618,0.0 -72.421583,43.263442,0.0 -72.402532,43.32038,0.0 -72.4069018580317,43.3374488387348,0.0 -72.413377,43.362741,0.0 -72.3969230250359,43.4289221159986,0.0 -72.3968907962909,43.4290517463351,0.0 -72.380894,43.493394,0.0 -72.37944,43.574069,0.0 -72.3335965013563,43.6055913415891,0.0 -72.329522,43.608393,0.0 -72.284805,43.72036,0.0 -72.222069,43.759831,0.0 -72.2115021223499,43.7730194104417,0.0 -72.183333,43.808177,0.0 -72.16978,43.873425,0.0 -72.105875,43.94937,0.0 -72.116706,43.991954,0.0 -72.0799442240026,44.0300000301807,0.0 -72.0796962728478,44.0302566433846,0.0 -72.075486,44.034614,0.0 -72.036883,44.103119,0.0 -72.0538268836147,44.1598170938034,0.0 -72.061338,44.184951,0.0 -72.05399,44.246926,0.0 -72.046302,44.291983,0.0 -72.002314,44.324871,0.0 -71.945163,44.337744,0.0 -71.875863,44.33737,0.0 -71.8377906263888,44.347764542477,0.0 -71.818838,44.352939,0.0 -71.778613,44.399799,0.0 -71.7631925213134,44.4035682627764,0.0 -71.69092,44.421234,0.0 -71.646551,44.468869,0.0 -71.579974,44.501778,0.0 -71.588076,44.54785,0.0 -71.544922,44.579278,0.0 -71.551722,44.627598,0.0 -71.584574,44.665351,0.0 -71.626909,44.747224,0.0 -71.570402,44.805276,0.0 -71.522393,44.880811,0.0 -71.494403,44.911837,0.0 -71.531605,44.976023,0.0 -71.501088,45.013377,0.0 -71.60984,45.012709,0.0 -71.691898,45.011419,0.0 -71.8977115118588,45.0080722738367,0.0 -71.915009,45.007791,0.0 -72.023292,45.006792,0.0 -72.348583,45.005625,0.0 -72.532503,45.00786,0.0 -72.5542716162235,45.0094677206535,0.0 -72.582371,45.011543,0.0 -72.93644,45.014267,0.0 -73.048386,45.01479,0.0 -73.1699238166857,45.0131611826235,0.0 -73.1923104490669,45.0128611629521,0.0 -73.343124,45.01084,0.0 -73.34474,44.970468,0.0 -73.338979,44.917681,0.0 -73.379822,44.857037,0.0 -73.365678,44.826451,0.0 -73.34201248395,44.808075538661,0.0 -73.33443,44.802188,0.0 -73.357671,44.751018,0.0 -73.36556,44.700297,0.0 -73.389966,44.61962,0.0 -73.367275,44.567545,0.0 -73.3626828127438,44.5624552216867,0.0 -73.3479832324265,44.546162853597,0.0 -73.312871,44.507246,0.0 -73.293613,44.440559,0.0 -73.320954,44.382669,0.0 -73.334637,44.356877,0.0 -73.324229,44.310023,0.0 -73.3174559746651,44.2635221898768,0.0 -73.316618,44.257769,0.0 -73.349889,44.230356,0.0 -73.395399,44.166903,0.0 -73.3998685693646,44.1524856476917,0.0 -73.416319,44.099422,0.0</coordinates>
					</LinearRing>
				</outerBoundaryIs>
			</Polygon>
		</Placemark>
	</Folder>
</Document>
</kml>
